40
38.18 -64.3673 20.0692 121.757 -59.5867 -90.7389 118.483 84.4292 111.921 -77.1055 84.5092 9.57989 40.4476 103.681 80.6826 240.301 294.688 45.9611 -40.6445 236.812 205.695 287.327 -74.5373 114.189 169.796 94.7367 42.442 291.953 172.828 167.815 150.542 -32.8299 206.831 284.039 227.04 76.0839 64.4933 -67.8574 280.361 298.489 293.136 
25.454 251.812 20.8585 267.1 4.31014 243.815 111.878 1.01891 91.7192 -75.0932 234.195 133.729 -85.1549 52.1252 228.056 -44.4796 -0.733767 -41.4828 -66.7211 88.97 30.8936 -14.5323 -3.94322 -34.8985 -67.8145 -96.4747 -26.1511 -64.4285 -90.0059 72.4245 297.282 247.54 -7.64338 101.916 170.954 167.869 144.231 71.6563 288.741 18.1941 136.799 
199.314 61.4945 30.2181 252.918 297.305 -36.7688 73.2366 141.081 25.9206 98.5184 -77.051 146.876 -44.1759 11.2132 113.19 88.4503 -8.91832 126.417 114.65 -79.4294 -37.5266 173.137 213.137 198.1 37.4394 116.898 106.306 27.4763 54.4425 281.991 273.008 226.624 -33.1315 194.656 32.5401 236.752 41.8805 134.876 52.5816 182.42 249.391 
-71.2215 205.457 187.101 -66.9744 122.446 83.5908 -0.175142 -96.39 11.0616 128.847 36.7491 232.052 -8.38277 101.826 113.824 -32.4599 3.04192 -77.2846 83.2412 43.7448 269.188 61.0395 295.128 -19.9529 10.2386 185.715 -90.6829 11.1082 104.237 95.9487 -8.94549 214.96 199.426 -42.6743 232.8 235.592 106.388 72.0744 37.711 72.3134 174.171 
235.993 15.7752 62.0489 171.405 196.891 -79.5966 152.452 96.139 252.92 134.536 -33.3749 176.582 97.4291 295.087 -50.5191 213.071 215.058 129.407 212.568 232.096 132.407 58.3923 192.076 50.1569 106.593 -27.1488 274.073 249.946 213.832 -43.8675 177.351 49.0745 13.9188 -1.67912 232.894 129.376 256.565 254.744 232.151 3.93646 216.463 
-65.927 295.258 47.3853 151.447 30.5792 193.82 13.1898 22.7125 188.585 -44.6445 184.335 9.71837 37.5862 73.2266 17.5957 80.4307 155.325 -19.465 199.138 297.862 184.978 -56.9097 -88.9316 71.0542 176.716 -81.7768 166.575 89.3301 91.7272 80.3338 -11.3074 -70.2805 230.029 289.635 -70.0987 -99.3673 139.187 125.72 289.695 -90.5543 262.708 
86.1117 83.66 214.235 129.181 250.627 13.041 292.909 -27.5457 -20.5624 244.939 194.604 180.43 177.982 120.096 89.6084 209.436 221.779 200.923 212.204 149.979 181.917 39.7941 288.265 38.9697 -59.6821 180.811 91.2204 133.713 -0.293167 287.16 -73.3115 141.628 -93.2938 277.589 188.717 62.3717 -10.7553 236.53 -96.0253 297.04 266.664 
160.402 87.1086 234.514 225.941 163.521 30.1349 213.597 -7.193 12.9346 123.726 -24.1647 205.251 41.9502 -91.4261 123.437 -22.3087 -32.584 209.157 76.0427 69.4259 146.647 155.083 253.406 259.932 272.192 243.175 127.16 183.21 72.0766 -13.9227 10.8086 206.193 221.666 115.185 192.396 245.483 93.9392 245.363 194.995 79.3674 297.495 
-57.3048 217.361 150.2 -37.4516 252.116 217.091 1.19523 -2.31224 41.643 51.6639 20.8305 244.852 252.035 167.423 13.1123 45.4657 28.9772 18.6662 220.806 3.28376 4.43673 -39.6838 293.517 104.568 74.0772 -73.5965 108.003 -50.6983 279.645 205.325 100.219 263.159 233.469 70.8686 210.096 134.431 65.0041 211.278 0.627006 287.041 55.1113 
0.270756 52.7233 260.628 148.307 59.2232 148.459 -26.901 -19.0027 37.4376 170.17 -23.4133 82.8608 61.1466 145.626 210.644 -71.7524 297.658 -20.3858 81.2754 8.15216 107.279 90.0002 204.719 153.147 154.679 96.7679 27.1959 222.965 36.5961 182.581 103.801 59.9623 95.3337 -92.8041 8.29452 18.1624 68.6349 21.8884 8.8908 281.209 16.854 
41.8728 7.22253 -78.5798 0.707451 245.886 91.5497 222.749 -75.7633 22.8429 14.3525 120.711 -82.3468 249.856 232.44 206.096 218.793 -58.0647 -76.0952 189.559 55.1901 213.159 231.097 246.88 19.4091 -85.0595 143.564 157.985 263.398 32.7778 257.433 268.283 62.5144 -96.3608 -40.8507 27.5083 174.817 282.066 153.443 34.1462 240.998 -51.8013 
128.542 179.983 204.238 -27.3002 88.7068 164.399 78.372 93.7084 287.762 -38.7588 -34.3343 97.3324 66.2747 241.452 111.65 241.928 116.596 194.363 -25.8679 36.6702 -48.2949 41.3992 -83.8594 136.405 15.7181 -38.5009 31.9862 46.2814 215.172 178.883 215.586 -74.8724 41.44 53.3051 134.308 -25.4243 180.817 19.2274 256.618 67.273 145.211 
0.228236 22.9034 118.998 71.9652 283.704 -20.3812 276.602 -92.2511 59.3331 -62.5158 -64.192 124.507 -24.3006 -91.8915 -55.8661 243.871 181.722 112.745 290.359 -57.7273 236.781 219.267 61.3381 275.168 206.215 -21.7966 225.985 218.323 127.13 22.914 -55.8108 -58.8759 -16.6007 52.0528 -7.39466 97.2553 -38.0924 38.2534 111.084 177.842 -9.33042 
-81.6868 -8.30905 -64.8241 72.7089 39.2479 222.363 162.672 -78.3734 181.46 181.067 266.473 -40.6044 207.056 237.603 -99.9435 89.3733 255.94 136.51 0.491194 -12.4922 82.5089 104.066 83.896 -60.837 197.106 139.664 29.3731 289.17 -16.962 10.3307 73.1567 92.462 -96.134 60.7866 202.098 281.722 183.132 77.879 190.707 -51.6923 189.181 
32.1265 140.98 262.706 165.868 168.759 -96.6994 161.711 -23.5897 220.652 136.092 182.386 146.223 268.163 137.134 293.751 171.43 58.0134 -67.3108 270.768 14.4642 58.0908 -52.1087 154.121 187.721 247.304 108.806 293.971 177.086 285.913 256.87 197.814 -45.4733 11.6477 -65.5062 -99.0767 148.371 -95.8279 -34.3334 -43.0151 42.9749 -14.5587 
282.886 -31.1989 -33.3269 -53.7175 -50.7839 25.3409 -53.027 263.844 206.441 188.627 172.344 -44.5477 222.839 -2.54974 264.844 257.441 -34.9319 -96.6018 103.886 251.174 -66.0275 -5.92263 265.343 139.477 -75.4767 112.54 242.378 14.4332 1.08928 34.3285 206.307 278.168 -53.6265 75.327 16.5738 -79.6747 -65.6273 173.055 -8.96508 127.107 38.2768 
-9.57461 214.242 126.745 170.592 227.521 -47.583 186.859 167.637 202.333 37.941 -95.0413 118.849 289.499 171.768 243.852 -44.577 66.3143 111.1 46.6481 298.229 292.589 149.408 -58.8144 176.665 298.959 29.5701 117.761 -19.3937 277.194 134.358 12.5662 218.201 243.737 193.149 -74.0166 247.082 38.4028 214.647 178.451 207.819 188.512 
-97.5656 15.5439 -8.01529 225.779 146.974 15.9813 189.158 -67.6385 -5.51996 136.805 -92.1363 184.431 144.634 9.87777 124.592 70.9234 64.3394 174.71 9.65837 241.605 151.243 -71.0865 -91.8702 241.774 135.54 -75.0114 84.7914 118.602 255.663 219.194 193.301 76.1132 110.581 232.957 253.204 57.1143 65.8116 -54.1743 -65.188 79.8778 -93.5245 
50.7235 6.35942 238.326 149.956 123.39 282.974 163.071 163.768 -50.0903 31.1831 199.347 65.3707 -21.2253 180.405 96.115 -79.0278 120.337 272.885 -25.8696 32.209 49.9513 -88.4721 128.926 150.976 45.3094 -75.4021 16.6913 173.903 -82.7921 83.664 110.977 131.864 262.391 288.901 285.243 109.621 46.7129 86.3107 -19.7076 -15.8168 70.2084 
80.9747 200.228 54.0719 35.847 213.094 194.684 -96.9542 111.337 74.5148 17.5513 206.76 201.674 99.424 7.47497 121.144 14.096 217.514 165.456 42.8836 -23.1265 208.753 107.525 217.221 96.7802 7.11402 86.6099 275.073 212.582 -19.3982 90.2348 108.679 39.4945 161.643 2.65778 55.5977 -60.1146 190.383 -70.5218 37.9793 18.4514 109.162 
218.013 281.353 -67.1101 201.874 212.467 62.241 185.126 3.84295 158.268 220.993 10.592 29.6331 -16.285 91.5578 -70.1197 228.614 246.111 63.1009 174.199 58.9338 15.9757 58.1903 269.627 115.699 232.849 53.3965 -76.3503 -20.6257 58.0792 246.982 252.567 55.1642 -81.4383 174.067 229.331 76.8118 202.817 57.0746 296.807 -37.3076 -39.853 
278.048 -32.1935 186.745 23.7219 9.03696 148.055 50.4737 4.42138 133.527 274.257 -86.4828 153.709 105.538 131.588 -44.4316 186.434 -57.1103 212.968 56.9928 134.736 182.466 84.4732 240.636 203.52 267.88 247.392 287.518 -0.126648 31.8524 -75.5139 -77.2803 277.592 -24.5217 189.33 -53.0864 19.6411 -3.83978 196.059 50.9439 3.41499 292.877 
270.787 254.202 246.332 214.671 -34.3989 -0.342224 132.328 245.703 47.6151 145.389 24.316 122.806 32.9328 255.547 -58.5463 55.1932 -73.2806 20.2287 209.009 104.012 21.9475 -3.36618 274.817 44.5758 155.379 -30.1419 48.8635 291.584 88.1162 31.3862 190.246 159.561 183.186 228.597 74.4013 52.6947 213.266 180.074 -46.3198 207.776 188.993 
16.223 147.615 207.334 288.92 -92.4218 21.6644 57.0646 82.2519 66.0615 112.811 40.132 140.499 249.512 -44.5735 -43.5736 184.787 -6.89 111.835 175.213 133.463 -1.23118 198.467 252.998 -66.174 203.229 249.686 -10.7893 -40.5007 272.083 -62.9444 16.068 49.3238 -57.5653 -2.64145 252.999 218.244 210.112 -71.7109 -95.69 -93.7034 -14.3096 
58.6468 104.564 183.813 -78.2881 181.234 178.187 109.553 80.7717 128.646 169.653 128.568 18.572 105.919 167.897 153.457 274.587 -98.517 200.328 238.624 64.9781 40.779 -21.2905 -21.985 231.337 274.654 45.1556 -93.9112 225.059 129.858 203.884 274.715 107.803 34.9524 227.315 -83.0845 116.908 18.065 157.356 50.1146 228.563 75.6816 
198.579 -28.8372 254.133 86.6358 -74.2342 33.8442 33.8721 -63.1418 89.0763 -78.6326 -60.6092 92.4448 97.5264 207.321 123.765 -82.528 119.177 25.471 -26.0413 147.995 87.6099 153.178 -71.2003 54.8242 -43.1452 186.061 24.3202 -27.3195 40.0063 -49.2628 -50.2116 58.8482 -78.884 273.208 230.192 -75.1662 -89.9635 162.658 154.122 193.47 81.3593 
53.8976 3.76784 11.1118 205.502 177.029 192.484 172.257 93.7457 20.5339 114.113 -30.0274 102.126 123.589 20.967 127.702 95.6911 -4.039 43.7326 215.5 4.32776 -0.40949 221.072 193.952 79.4708 -28.8496 278.006 247.421 231.211 181.977 155.783 -6.42166 195.443 -42.8177 292.897 30.4619 220.943 36.8958 226.328 69.7868 -72.5262 247.652 
-38.9896 -67.6483 123.163 98.966 292.022 90.1649 265.522 -78.784 250.484 253.867 206.543 170.035 215.616 93.6005 -83.2512 185.611 -84.0873 173.483 245.349 35.4332 -66.3887 182.056 270.541 66.4448 51.9371 211.637 -79.3516 -14.1195 178.596 71.9078 -57.2483 98.1335 136.772 153.516 4.62584 172.596 267.437 -51.575 214.239 162.054 270.025 
170.376 71.256 -42.8606 -64.6371 225.272 129.684 49.0116 -19.371 -96.8368 -51.5411 162.593 65.4345 159.005 260.344 199.668 178.758 205.52 44.5673 128.434 148.966 -43.6123 66.3094 292.872 198.435 110.857 50.5936 -71.6716 -11.0152 104.843 237.722 163.102 225.027 258.216 224.592 255.671 267.298 165.433 230.954 -23.3088 125.097 168.462 
126.616 -49.174 169.008 126.703 91.0979 -79.1244 243.069 65.3217 -79.278 -63.4279 142.063 24.1758 120.219 -45.3558 134.906 255.764 52.374 283.385 152.823 146.522 -74.5473 150.825 269.738 142.657 86.965 28.2211 161.59 -98.9747 242.088 248.508 135.474 -7.10194 120.95 227.39 177.187 -51.5012 28.5711 84.13 -65.6423 74.3747 107.562 
-14.0154 174.291 175.173 264.777 275.012 127.018 104.499 28.2103 21.0357 -89.3406 164.132 117.96 201.869 60.4206 -91.1891 190.493 131.334 265.313 19.5566 208.054 298.896 142.181 199.855 225.402 212.425 128.836 11.6641 8.03184 78.56 222.05 158.642 30.9948 145.288 216.719 183.083 142.837 184.485 166.333 58.5234 -35.5578 142.751 
295.415 -86.2871 -24.7768 231.146 -44.2475 -38.3727 39.7526 19.9761 210.626 99.6989 253.184 116.828 214.938 150.18 268.69 -28.5397 103.596 281.862 124.814 23.9907 -63.6937 264.758 220.556 141.597 -88.2432 -24.0999 166.213 35.9883 155.368 18.1249 164.633 41.8346 -31.7795 169.762 170.684 287.004 184.916 -86.122 120.969 92.6547 -99.3523 
275.861 155.587 73.0726 214.885 -9.60092 60.2835 78.8313 -6.78481 -20.7972 -63.5297 -45.2156 187.09 159.842 -26.786 9.92779 120.068 -43.7293 243.153 215.629 -30.4607 201.392 183.627 62.8588 -91.9604 211.457 235.185 73.1633 -35.3692 166.241 98.8359 -49.4285 56.7859 295.633 -20.1771 13.2344 253.723 23.7739 -66.5181 -33.5969 268.519 -53.9902 
184.735 68.477 235.001 140.406 265.575 270.692 -72.7278 184.913 41.5429 145.721 285.059 145.688 -95.4011 56.0599 259.93 35.145 120.287 -97.3551 104.345 263.522 62.8536 179.472 220.507 -38.9298 71.6215 283.889 178.089 113.743 54.6578 190.258 -56.2691 24.7895 -26.1456 275.71 264.803 -24.6489 291.687 205.201 58.8591 -42.859 16.4392 
165.43 152.649 275.233 27.8915 259.087 90.2039 159.346 -98.9411 93.9868 216.33 249.152 178.099 20.7498 275.527 266.777 134.758 -71.9053 269.99 103.69 197.705 127.816 34.5899 141.019 197.337 145.262 212.354 -74.4236 111.152 230.332 183.323 194.416 -13.8898 -71.181 128.458 235.229 296.693 163.359 106.783 231.478 282.265 -52.6998 
292.653 248.253 5.02071 81.3352 83.15 147.316 284.474 299.312 208.973 57.9117 250.372 127.569 66.226 -13.2047 -88.9578 -99.181 210.564 31.5245 65.8023 241.976 99.0714 30.0744 62.6665 5.33752 252.441 178.844 28.6158 88.5059 65.3111 176.683 107.251 202.233 13.4613 54.0173 72.645 60.9482 -21.0117 162.388 127.813 -30.7545 34.574 
249.674 90.2833 165.898 66.3009 30.1064 28.4892 93.6095 241.481 253.505 -81.6862 90.4721 -98.9227 55.1843 56.1581 45.9658 81.3184 243.838 -37.0158 59.1387 213.909 -32.3754 95.2306 277.489 10.5446 56.8242 -16.9847 64.199 -7.52473 255.111 38.7915 13.203 98.2273 -56.2407 157.837 -23.592 161.622 234.167 45.5337 292.889 -61.9164 127.931 
67.4146 -10.7382 159.683 250.06 225.309 127.872 60.8295 267.943 -95.3131 -89.8642 -85.7057 147.397 252.12 189.535 10.6423 93.4427 294.121 117.536 41.5923 267.018 169.748 41.0687 -76.8485 36.2899 81.1422 -71.7607 -88.783 170.727 57.508 5.07935 -36.6291 -83.0597 297.002 145.349 186.514 -26.0127 -51.0274 273.803 264.643 -69.258 163.619 
-37.514 79.0063 17.8143 194.571 246.473 -42.1101 30.6832 -55.23 48.8216 -26.3837 155.174 150.175 262.302 -48.5409 -41.2273 -89.0959 215.095 -65.4117 93.0099 189.752 64.6266 140.889 42.0992 183.753 -33.417 81.9074 106.762 59.3311 13.9943 12.2388 207.996 8.99254 94.3425 -46.842 108.746 42.5538 -22.5914 -74.3369 239.534 229.82 234.317 
273.962 176.747 212.842 3.72285 -22.0106 -55.6518 55.6161 -25.0895 -26.0445 -87.1732 -69.782 284.919 162.96 130.97 -45.4443 185.091 30.2446 47.9748 76.1337 240.971 -5.87679 -1.10425 86.2914 22.6254 8.64937 271.547 284.318 231.913 -7.18195 173.566 -79.4928 -84.7605 54.1149 243.337 169.801 101.405 1.63518 98.5222 286.027 60.2389 -41.1013 
