60
-46.5698 2.91148 206.79 84.7181 58.3309 -69.1945 182.031 -98.264 -85.6048 80.1232 143.164 275.672 194.536 -46.9983 239.813 87.3887 230.427 143.805 220.558 34.9907 286.871 -25.3225 -3.05384 -12.6428 -58.2562 151.492 -42.6779 227.84 20.882 65.4537 295.233 -39.4398 -84.5837 222.759 -41.7842 -13.2307 -22.3169 1.77773 199.592 170.25 104.922 -64.9798 147.26 9.80534 -43.9662 24.1301 150.308 76.3582 29.197 148.144 162.807 -91.0925 104.558 8.42539 42.9681 136.613 216.319 284.087 6.79205 191.312 121.03 
13.7942 35.7077 237.808 185.581 173.2 126.213 285.241 271.643 97.446 122.46 155.615 124.023 62.8333 168.876 291.26 103.21 182.679 84.7545 246.607 171.37 171.301 -61.0332 82.9951 234.716 41.2623 -94.1984 -83.8872 201.03 230.424 258.392 138.421 83.978 299.979 182.654 10.4432 -84.2869 -29.2417 47.7266 42.6786 148.72 176.255 105.189 -46.4178 74.1909 253.468 62.0495 238.441 115.678 -27.1989 4.97948 237.84 52.7126 -60.8371 293.481 230.916 -29.604 -26.9895 -4.10709 55.9552 12.5124 109.649 
151.464 254.209 -33.1631 35.9826 -25.7196 -25.2434 50.2217 208.257 199.734 161.36 121.126 224.71 -31.6347 -1.61812 117.433 77.1488 85.5034 122.097 -93.8999 -75.508 85.9051 181.438 173.987 227.024 -76.5725 24.6514 92.3013 -60.8053 195.083 -36.092 203.635 256.096 21.5721 284.744 -37.1601 -13.7485 263.694 -4.66286 2.86023 -52.7849 8.94214 182.851 199.584 -89.5165 221.519 278.372 141.671 111.126 54.1324 39.8059 17.8658 126.562 295.785 233.419 161.732 217.101 -67.8241 47.4498 22.5467 92.1618 139.169 
266.696 52.497 216.462 87.6189 169.581 233.526 248.237 156.401 290.375 90.4785 60.3441 241.221 25.303 204.359 243.619 -38.9908 18.4674 46.4941 139.478 119.502 -5.55557 -47.3844 140.169 4.11479 253.531 275.742 231.185 66.6414 260.885 12.6435 68.0652 89.4568 103.934 -86.2162 44.6293 168.508 159.895 62.429 167.181 299.924 109.57 142.446 283.794 97.49 130.084 126.778 -72.8802 21.9328 236.306 -67.0848 -70.1794 12.7593 2.82742 88.8828 167.482 228.381 131.545 -92.792 161.901 -45.5663 295.965 
207.425 183.825 -1.19446 -87.4511 87.3092 138.504 10.7677 163.605 -64.1158 200.246 182.682 176.816 125.764 55.1171 81.3755 40.7909 158.119 -73.3791 -41.592 39.2718 144.104 94.9778 -77.2728 45.0327 3.83284 273.886 131.043 253.986 -78.1456 -68.8127 12.8724 231.142 107.522 -86.1349 140.376 -92.0236 106.041 93.5253 246.194 -60.1286 12.9619 265.171 105.224 150.036 161.217 184.333 263.684 -60.2541 -73.0253 -56.876 85.3137 284.362 159.162 14.447 201.623 -64.0601 194.774 281.783 87.0688 286.151 238.15 
202.291 7.06771 51.1798 74.0067 -20.8874 -12.0848 280.516 -27.4883 199.561 83.8979 -73.0334 -18.1128 18.919 49.2901 127.509 -7.55064 252.712 -10.8931 -12.8438 209.428 110.107 -75.0248 259.635 124.382 225.377 48.3641 248.716 -36.4159 103.181 -34.3858 226.24 -92.3408 135.947 56.5387 199.079 -57.9873 -80.9255 -32.8665 134.345 144.524 182.357 232.173 264.5 89.2004 218.656 72.4592 -17.8198 -55.0444 209.933 157.037 88.3613 144.263 214.346 214.25 278.814 157.741 40.4074 -71.0963 72.4721 179.349 -56.2335 
67.2885 12.7306 281.908 113.18 197.722 163.437 117.424 -17.5144 -34.0317 -63.9702 180.438 293.741 234.397 2.66651 277.803 98.1954 210.124 19.4225 -65.6651 141.331 262.363 158.21 -30.005 227.125 -35.246 -58.585 98.4558 245.285 273.09 210.849 192.448 123.398 -67.3378 135.375 145.289 197.943 6.01703 -15.2858 131.844 45.0483 230.432 -51.2713 36.4404 249.961 -67.6473 85.3466 182.025 298.974 109.038 -62.0641 276.754 -3.46838 126.73 111.467 21.8643 204.757 260.386 90.5067 130.284 -62.9295 26.7191 
72.802 -80.5677 290.362 -41.7216 -17.9692 171.083 -13.7483 216.751 148.935 10.3654 -5.2047 59.5557 203.011 73.6122 -34.417 -48.9031 22.315 87.5909 255.581 117.38 -24.0018 28.6873 65.1663 189.413 -32.2684 29.6953 20.7728 268.16 124.644 274.141 177.815 70.087 245.305 245.89 257.612 273.612 -98.6763 128.728 108.173 203.362 39.4671 263.969 26.2122 145.014 171.073 127.677 145.814 247.788 285.556 183.512 229.96 -32.181 -84.8568 182.165 269.972 50.1754 144.346 149.107 146.863 104.869 95.7788 
-85.5236 12.2233 51.3319 -88.4637 -11.6345 6.12062 139.82 298.975 296.167 80.1883 -35.5199 30.8602 239.584 -11.4099 -62.4732 282.045 -35.6956 71.6141 -19.7511 185.414 -72.7239 286.983 296.008 -79.2179 297.807 259.372 162.217 -63.3783 31.2103 227.324 158.439 45.2451 0.760757 146.872 205.453 166.381 50.8524 130.146 53.2431 -26.0997 172.905 237.34 15.9637 175.741 -47.2062 110.626 175.942 -59.4265 -20.0268 245.624 95.2468 28.0959 88.7917 298.182 136.145 -76.7517 121.346 227.942 -77.7743 170.265 222.292 
-41.0175 262.045 31.6205 274.508 -84.0259 181.941 -13.212 17.3157 31.5201 245.301 31.5141 287.654 210.643 216.706 -93.3512 -18.3801 108.05 -45.9489 -50.1228 173.664 184.684 92.8741 35.1575 224.054 45.4458 134.857 252.318 -20.4243 200.644 184.678 86.7101 130.611 78.7265 -75.8532 293.323 65.1552 -63.1663 295.342 24.2796 86.8164 -67.0755 111.537 101.212 -16.0402 -17.249 292.207 -34.1709 -41.4466 133.582 211.054 205.738 13.7018 -73.9718 -16.9846 130.071 49.4226 175.107 237.55 200.834 32.1345 137.875 
-99.8463 222.349 195.072 284.678 116.819 0.359552 188.801 200.978 213.781 161.963 162.635 272.659 15.4555 217.003 5.89566 145.646 271.962 -22.2846 176.463 -59.4574 -97.8732 -54.4974 56.2664 207.016 231.967 38.4189 165.462 22.8428 30.4432 155.549 32.8023 84.1015 -18.8261 126.755 140.573 -70.0181 -4.68872 -55.4375 21.8738 276.55 84.289 47.6551 89.8311 8.73147 -19.2787 4.54735 290.994 120.521 235.849 79.765 44.8821 218.357 253.929 144.231 84.9614 59.0702 5.84679 8.19811 -93.8229 92.1981 -43.488 
97.9521 84.9776 99.9441 76.21 44.674 -50.2545 56.081 215.366 261.179 182.49 -94.1095 1.17665 212.237 90.2609 294.818 94.1628 258.515 241.839 246.586 233.544 262.668 -10.4724 -70.5437 182.174 116.999 242.133 78.819 202.98 -36.6878 150.762 145.525 135.971 277.214 174.599 144.452 296.17 199.548 234.965 49.5309 233.373 95.7514 65.2357 45.3479 133.596 115.334 16.6324 170.966 97.8368 258.233 271.992 -26.0897 208.746 -21.7914 225.083 -25.1662 134.572 -85.2747 280.493 153.316 -89.8855 133.753 
210.848 -36.5486 5.31324 -67.2149 -24.4491 90.6776 294.012 32.4013 32.4325 6.75647 -43.8021 -80.7117 12 72.1558 12.8477 235.205 5.10202 243.474 -92.4215 285.491 -73.1894 -39.8042 10.7856 48.387 233.007 74.7464 119.311 -69.3643 177.627 90.487 202.689 239.054 198.63 244.976 154.222 177.088 143.346 -95.8372 199.703 20.4217 169.671 119.2 -1.45247 53.6757 167.1 286.345 158.372 -60.4135 205.47 -93.4301 221.335 241.379 115.718 247.509 262.419 -98.9673 2.57587 292.492 191.87 41.9704 108.049 
62.9872 159.268 139.543 -40.8787 42.6479 76.4751 87.2189 33.3459 155.52 146.629 -85.4393 10.6459 -80.0962 67.5706 256.365 149.222 97.5051 289.414 243.808 172.699 10.2252 117.338 23.225 269.053 126.939 103.233 150.516 268.341 -69.5114 260.097 240.73 31.7485 23.462 182.292 175.365 247.582 72.0761 143.812 -52.6184 68.0326 38.3376 227.471 249.215 224.252 -11.4484 138.918 288.217 -90.0775 67.2111 182.126 7.05931 -26.1401 155.471 257.2 -23.5373 227.72 37.5466 111.711 192.085 109.596 -99.3836 
299.818 282.156 217.69 104.765 79.8257 156.556 139.501 165.69 200.281 28.8611 237.526 184.925 -20.9226 77.8387 117.203 55.8475 -13.5075 99.3992 -12.3637 204.885 170.687 253.517 135.332 1.60492 126.465 -97.9363 -96.5985 -50.0242 128.06 281.332 292.267 280.943 199.187 2.69749 32.247 295.767 1.05345 271.524 141.86 142.83 227.536 -64.7709 172.21 -98.1115 203.631 53.8009 120.558 195.618 249.341 52.8773 -68.5589 -78.4462 294.891 9.22423 150.469 271.182 130.561 -82.6857 157.567 -61.8928 165.985 
245.804 -68.0288 114.718 -80.137 -85.3068 47.081 242.018 253.298 121.279 158.575 92.0599 77.2854 276.661 248.253 -27.5116 43.4368 -41.4046 109.133 154.439 -65.1261 250.463 237.424 46.9227 -59.8073 190.708 295.835 -74.8998 19.021 291.743 15.5097 233.694 239.996 -33.1809 -84.0311 174.11 91.9477 -60.9894 79.8941 14.8087 102.189 26.7997 116.614 14.2213 -15.102 -63.6587 61.5485 -40.7884 -64.6012 -58.2235 -3.62232 -13.2937 246.784 121.504 -42.0161 189.726 214.475 291.549 271.288 -26.5525 -61.8502 113.395 
240.877 -36.9807 154.23 230.646 13.0728 131.767 56.4421 91.5903 58.4974 87.841 80.2674 148.949 145.184 87.0809 -8.27411 267.911 197.764 270.36 177.564 -73.3388 -36.5249 5.05758 140.902 -16.8029 249.15 245.177 95.2149 196.114 132.368 -49.853 6.28792 -41.3251 229.234 -47.5355 259.386 117.219 161.71 252.763 196.313 73.79 -13.4122 -43.3469 53.4942 -22.3318 -86.6032 140.429 144.656 21.216 108.618 251.554 265.421 168.858 217.152 69.6938 -40.3434 145.07 115.547 220.458 104.766 -58.6429 220.903 
202.125 -4.11334 -1.08839 145.219 210.12 -9.42881 -6.37641 151.918 165.625 -76.8742 18.7427 120.218 174.407 255.621 -87.9311 160.531 120.848 -33.3668 185.194 119.392 160.784 120.95 -75.9566 229.646 55.2034 39.8971 -66.4003 127.006 139.899 78.5155 36.8269 -35.8856 -25.5902 -54.9568 125.828 263.793 -11.5869 296.9 259.986 15.5511 -4.6866 262.744 -3.6801 254.463 42.326 169.927 64.3681 -74.3715 -5.88956 278.701 149.644 130.634 -27.6016 168.36 123.709 -6.12436 28.6068 88.6096 -28.8807 263.059 1.44451 
56.4207 142.33 -51.1476 -92.4674 64.7903 103.999 245.896 44.8921 107.509 -28.9831 -81.0917 228.422 -1.25357 114.683 62.7759 2.69125 200.467 127.314 263.112 226.16 -71.4802 195.031 197.997 232.811 128.312 4.99819 178.939 -35.7085 38.5421 -3.29969 109.644 121.611 -78.2738 79.0185 104.907 59.1831 26.0232 -31.1289 70.5634 164.261 61.7836 229.216 147.412 289.109 -90.3827 146.427 -34.3398 -22.2205 143.638 256.463 269.659 232.262 -98.6294 156.291 158.122 273.264 -85.1178 240.405 -70.2477 68.4722 175.245 
-64.2693 144.325 148.746 299.152 88.817 -99.4129 28.6482 -30.3972 -18.8406 -10.1462 39.2624 -69.9159 -37.1368 224.539 241.15 127.31 24.1861 158.698 219.686 260.612 1.25927 247.96 -90.1473 157.849 -6.28922 -46.0975 20.5637 15.1987 64.7664 26.3499 75.2696 158.624 -48.0891 98.591 201.409 295.204 184.265 18.5513 -55.2137 -86.312 182.709 99.4795 232.569 270.907 63.2502 -41.415 7.15915 8.71182 29.7985 44.1464 -6.03692 15.4009 -98.5504 274.361 232.87 279.792 248.692 -27.6908 195.667 86.3783 294.876 
-13.2114 -35.6964 240.881 3.48011 274.996 19.8536 147.157 -64.925 36.0077 215.326 90.5352 99.9106 168.956 97.6426 78.9174 42.3364 201.3 225.383 -55.709 144.618 71.1168 214.948 31.6372 249.388 -27.5667 110.408 -7.40893 4.27104 21.2138 -2.97695 34.45 120.386 -2.97656 -96.1122 -99.8637 116.261 290.947 -76.7568 125.637 -90.0596 248.174 161.397 165.683 34.4729 -48.1592 234.567 -21.2195 -42.2585 253.103 163.736 98.4125 163.459 119.647 -88.2967 250.593 122.314 -62.1642 297.109 138.377 241.438 200.494 
-3.15733 76.1322 -23.6741 182.897 -40.6821 212.961 167.079 -32.1782 84.8345 0.0956414 9.53994 100.638 287.248 144.418 71.1039 201.508 56.3102 54.2885 226.237 13.3372 265.013 222.726 -16.5829 121.733 217.515 194.122 -27.0271 -23.9211 173.873 221.302 178.092 221.905 -44.1261 68.5412 195.619 -81.8445 273.99 -33.5325 297.205 22.2011 1.99489 226.354 119.09 125.258 -96.9904 270.011 -67.4665 284.606 -10.3273 -81.9681 75.8266 64.6489 253.9 -35.7852 -69.7071 139.225 -63.2141 -35.0413 273.11 81.437 285.086 
221.779 27.0408 160.793 240.291 12.9149 173.577 -72.8844 -22.5324 215.877 4.36849 171.845 174.392 48.9045 33.7604 270.05 163.101 215.74 58.3551 -27.6661 296.426 292.2 259.465 207.936 33.0076 115.895 22.5377 -50.9004 32.7332 -58.4135 126.948 -32.7343 136.193 2.78769 -58.9724 40.9414 6.02963 37.3008 161.244 -25.0807 38.4648 61.8415 222.209 167.345 196.656 24.4425 58.7363 139.401 179.614 272.609 -91.0523 236.722 -30.5692 168.177 243.037 228.947 125.905 -29.9871 126.21 128.194 210.953 87.7302 
-46.4458 296.101 241.494 292.176 69.7204 15.3677 188.32 260.548 175.47 229.816 256.833 29.3019 1.79307 0.18541 103.974 159.53 74.054 209.114 216.211 268.542 227.891 280.399 255.494 -86.5953 203.797 224.486 -94.1485 232.243 271.63 123.227 39.7521 83.6499 -47.1445 230.322 -37.2775 71.4285 19.9443 63.3599 32.1059 247.082 254.212 -32.9944 169.323 -94.0791 -80.3911 -49.5634 76.5946 122.662 137.024 48.2837 146.995 -80.6352 23.1413 250.354 71.4598 -46.8956 143.744 -72.4787 76.4399 127.142 -30.2642 
68.3939 187.135 188.043 245.326 123.026 128.218 285.803 35.0656 137.161 284.756 266.187 0.287604 94.8643 157.714 -40.5503 218.788 -99.3762 230.548 -83.7615 188.742 38.0759 89.5562 -46.5822 -25.3244 117.644 -36.3278 -10.9186 131.84 198.091 164.301 218.037 231.217 71.2566 134.061 117.643 282.258 229.702 -57.3946 278.397 93.2219 -1.03803 65.1232 -47.3756 -38.6487 113.971 -93.9359 53.8116 289.525 -54.424 13.1259 142.803 -34.067 -0.165036 -34.1113 242.175 225.192 -61.243 176.527 248.651 179.939 126.585 
172.817 162.312 121.156 0.543094 271.652 -97.2652 35.9621 140.456 187.122 210.195 189.118 229.35 -21.01 -54.5608 -1.65703 118.717 1.26469 1.81078 124.903 -2.46624 179.809 -60.4756 69.5702 254.226 9.37626 269.507 119.518 34.1083 -83.5913 66.5996 194.677 5.05802 173.891 -66.8359 76.3013 113.537 147.031 -72.1102 -34.302 202.794 12.0969 77.024 177.755 2.12449 -73.3573 91.8565 260.119 71.0426 -78.6722 -33.8509 106.602 223.705 -78.2913 8.50237 158.552 214.998 -94.9985 196.608 46.8037 82.8817 21.8395 
263.397 -88.6043 111.644 7.86045 143.194 260.959 67.1743 240.924 229.409 239.537 241.812 -8.1088 23.8949 201.65 258.455 102.134 266.131 286.169 -91.7043 246.903 206.846 213.564 201.743 77.3339 -94.8222 82.2802 240.851 288.137 166.446 254.507 272.357 112.238 -44.6868 211.013 171.088 157.193 234.425 167.491 169.847 173.374 -49.5106 -25.5615 2.50365 155.566 -20.795 -83.6338 17.9975 99.2592 228.467 109.027 76.5061 -94.9092 122.61 180.255 -87.0824 278.769 -53.1352 289.642 -11.019 269.015 -92.159 
-42.992 109.953 264.934 149.758 121.182 35.128 221.07 153.688 15.0587 -42.6608 -78.2443 51.0415 240.965 -92.8423 166.852 61.3782 20.6882 -12.1239 89.2505 18.5254 -7.49915 248.587 235.596 -20.9282 283.864 -49.2126 237.461 243.272 27.3612 118.13 -26.4307 -83.1744 80.7929 57.1518 -19.7553 241.385 -73.0362 277.141 211.352 70.4422 6.41701 79.4614 -3.58136 80.2986 -33.2429 48.7873 264.573 -77.2658 -45.2124 34.8488 247.072 292.173 -10.1615 107.878 -19.5487 150.356 50.3252 164.929 -68.6091 -42.5541 100.469 
-34.7921 135.655 194.095 31.8044 101.067 269.561 178.637 191.969 178.443 158.286 175.643 66.4504 120.251 220.076 -11.1665 270.916 -94.5699 158.665 77.918 -44.2862 -63.1486 157.798 -53.188 49.4627 -11.4568 165.147 238.338 166.015 142.332 -64.3479 187.537 202.655 39.8618 -85.6348 77.772 -4.6507 269.141 29.8007 242.378 173.96 61.1254 52.5493 135.026 60.6584 184.018 251.3 -10.6927 285.454 96.0664 193.27 169.087 84.5332 154.009 60.6392 181.627 -62.9648 -81.7361 123.636 2.68996 112.799 298.388 
-21.7618 -23.6636 263.393 160.049 193.36 50.1899 -29.723 217.973 -95.7101 -62.5745 32.6367 34.8359 6.36224 -39.894 287.978 50.6492 -18.0687 201.406 137.82 34.0438 167.876 145.075 217.305 -80.9036 143.07 13.3209 5.6831 -35.8671 -44.5133 159.557 243.191 229.707 215.84 135.937 253.08 94.0342 132.323 265.657 216.198 262.973 -71.4995 152.465 164.923 145.15 214.672 1.39555 -29.419 209.598 67.092 32.1792 126.169 -2.86658 35.5574 213.232 224.495 174.488 -32.4661 279.985 159.13 -64.9679 -12.371 
-95.1659 71.3675 255.365 -30.1775 166.29 -44.9096 271.72 254.125 5.63173 196.569 66.3845 38.61 223.503 -1.33463 246.817 119.008 82.7107 -59.8999 -89.8255 -68.4221 -27.3547 98.0105 212.503 176.968 112.856 166.394 89.6539 -9.62858 -43.1402 3.39235 61.811 60.0348 6.20319 80.9892 84.7909 100.325 -44.6923 2.42858 267.944 -64.3832 275.323 -49.5197 211.815 128.185 49.3799 101.738 -73.9819 98.1243 60.564 37.6554 -67.7694 295.25 -5.17565 18.6403 190.79 155.789 206.725 47.5247 96.2892 70.5153 234.471 
59.1673 -74.2665 252.926 61.2661 -28.0451 -16.3429 277.133 -29.7159 74.9586 -85.853 265.852 133.366 129.779 191.284 -97.6375 94.373 77.5874 -88.4136 62.9584 89.0257 195.563 48.2545 128.725 137.077 72.4794 271.222 279.194 247.987 32.4202 72.5287 106.762 124.554 284.305 151.987 231.715 93.5672 297.359 120.27 218.708 292.015 -97.8673 81.8224 -53.1556 152.014 221.453 -52.9206 15.5672 274.028 -53.026 205.042 -23.512 -88.7197 -65.5904 -77.0675 297.665 222.636 89.7187 -69.0122 -90.039 251.949 286.816 
291.592 206.56 116.51 172.287 206.281 141.702 61.8179 231.948 70.239 131.645 4.7745 197.097 -8.60619 114.045 10.2524 295.662 236.492 258.116 7.39472 -92.9104 -91.7785 248.532 214.19 -52.5442 200.384 263.652 -7.09101 -22.3291 7.66126 37.0877 260.056 10.4514 271.1 61.7599 289.856 -97.2577 -44.9757 13.2963 272.432 -95.3622 126.854 76.652 -17.1686 60.6081 257.253 276.309 284.871 226.789 -27.1382 124.641 160.081 143.011 -58.8036 -76.8175 199.603 76.8106 -70.6708 121.287 164.36 -93.6367 213.612 
-88.6553 43.2537 273.373 212.676 95.3603 291.816 90.662 -85.116 270.565 14.5642 8.1959 197.255 -57.1579 288.24 -9.29561 216.579 267.995 -7.21022 12.7194 135.051 194.78 26.9743 32.6832 40.1073 290.725 -23.7474 178.634 140.249 222.068 24.3557 225.81 -12.1122 60.9151 -30.9228 -20.7619 131.548 -78.4651 285.931 87.5561 252 153.224 238.849 90.7291 230.996 -22.2428 -71.7416 -25.359 141.961 -29.8056 58.7927 -50.1474 109.475 -40.3201 19.9174 88.5706 -24.3908 191.97 41.6561 204.211 17.0083 188.527 
-31.9191 36.2051 164.622 -92.1256 -11.0758 -74.7475 47.7114 166.615 56.019 16.4442 220.328 -6.40227 219.554 -91.1779 -88.2485 281.069 68.7319 54.6007 -76.9367 297.639 274.227 282.262 -67.7024 201.885 -49.3531 171.34 12.7179 274.713 186.9 198.14 90.0823 30.5538 123.847 -18.8036 -25.3632 -67.2541 264.285 11.8084 68.3624 197.941 27.7319 223.772 125.882 150.367 123.469 -84.4019 16.8698 63.9346 234.403 296.87 -37.7486 -26.3866 97.0324 49.6955 248.965 -98.0721 -52.8442 222.344 22.1733 -17.7752 0.346306 
210.592 97.2457 13.4783 237.032 187.334 55.0975 192.284 257.055 -0.439601 -90.3416 -59.564 -14.4052 275.347 87.9705 299.367 298.026 129.061 257.607 241.377 -69.396 146.025 279.238 282.97 95.0301 261.493 103.514 -59.2691 -69.521 236.121 30.6874 243.832 -71.6703 270.017 -13.8329 -79.5723 -40.5332 -96.364 17.5958 -8.41573 -40.5858 14.0959 269.921 -75.0201 239.855 41.2905 25.5126 132.952 -56.7529 22.2708 269.307 22.8416 114.198 174.214 290.248 235.654 -13.8073 -85.7088 10.3336 263.036 -36.2418 -24.5112 
130.643 62.2376 6.65184 49.2249 -37.3408 223.778 -66.0179 127.582 -71.7123 185.094 266.487 201.968 153.514 277.117 174.491 159.762 260.02 -79.0775 -29.3389 30.0529 -25.9173 -40.6082 -60.892 200.001 -90.4423 62.1622 80.9037 282.075 -48.427 298.624 81.2759 217.596 132.441 33.7518 -98.0435 69.4878 97.962 290.789 125.99 268.899 299.931 214.044 296.949 251.489 52.2942 18.084 -82.3346 90.7843 165.604 18.2256 112.879 13.0753 255.914 162.231 54.2532 209.486 -22.3196 -67.3729 283.668 119.521 34.2419 
107.398 212.81 -36.0441 171.04 -34.505 85.4103 243.544 -95.6574 15.0293 -24.2838 110.734 245.83 116.465 5.5342 -18.0332 118.074 2.807 -69.4255 283.142 270.202 261.3 252.281 239.638 299.033 150.308 -7.65361 213.23 227.02 148.59 -68.3548 41.8045 22.2194 159.521 -50.0226 -14.9063 228.054 209.936 41.1222 180.202 121.982 72.1137 59.4796 132.347 23.5019 -39.0228 22.4044 93.329 208.218 149.386 -53.4933 132.74 291.583 143.348 199.452 169.277 232.922 234.429 270.795 80.1931 150.326 141.883 
183.319 40.959 12.714 121.189 67.1654 225.338 -99.3901 257.781 110.852 103.772 235.726 62.6057 81.4938 98.5929 7.39183 149.381 38.1983 57.7308 82.2037 237.422 76.1401 86.8865 199.062 152.209 194.905 291.424 181.395 -60.9147 129.872 -41.8671 -32.6516 96.503 -6.33212 193.214 -40.5513 170.548 254.842 277.063 101.572 55.8975 115.745 -53.3891 -66.8472 229.7 -88.1569 212.976 98.7903 -91.1559 271.78 250.854 109.314 275.935 233.12 81.0284 293.551 201.61 166.447 -5.59404 86.922 236.339 205.721 
295.351 -6.77693 146.217 142.636 -69.9778 223.195 129.42 83.1431 63.677 43.69 -74.3438 193.861 -78.8281 268.846 254.786 241.355 131.35 74.8508 46.5609 194.466 239.449 153.396 99.2325 95.7665 67.0218 137.178 29.914 79.1872 -78.2795 294.42 160.243 168.476 -33.2466 155.368 100.065 22.0815 133.452 33.0944 125.679 56.9327 87.3699 -57.6299 63.0278 139.051 -30.8572 286.733 275.024 -15.5494 283.899 -87.5952 43.7734 31.3175 12.1155 104.3 -93.7422 9.8049 243.516 -4.59326 157.102 142.913 37.1343 
88.5761 24.0675 160.84 84.717 -23.9566 188.197 -52.873 27.8012 185.916 -2.67649 167.818 -20.536 291.224 131.884 245.938 22.1703 79.2901 32.7315 129.395 166.504 129.844 261.363 52.1064 241.041 265.04 13.6045 244.779 -50.8806 -32.0125 -72.3654 18.005 -49.6585 292.262 116.809 23.4908 21.3713 299.425 269.888 290.831 269.093 -22.9279 208.378 202.934 -8.75203 84.9157 -60.9288 262.237 280.465 188.41 -74.1837 133.286 -74.1586 86.4971 102.307 136.321 -25.5698 72.6238 -72.8371 66.6755 199.631 174.351 
256.349 28.2013 84.2808 -73.0797 278.857 90.5761 -3.77147 167.038 283.79 183.86 229.701 161.567 38.9677 -35.9137 200.655 297.113 196.851 -30.6307 6.96371 -22.3068 -87.0894 213.782 -89.8758 6.43032 250.891 109.155 -32.2469 221.764 -55.6072 251.084 146.952 21.9647 114.322 -48.2121 22.5642 214.326 191.878 -37.0172 76.0284 142.048 -38.679 -34.0711 184.282 -85.7242 13.2979 -25.757 -55.6309 -40.9149 84.5682 202.592 13.3188 212.704 220.687 72.2326 266.489 160.46 63.0046 269.356 -85.2895 292.379 43.9327 
-1.33041 179.978 250.855 158.902 118.972 -27.4848 43.795 -18.1162 101.13 -48.4958 277.62 -73.3655 264.028 249.004 -71.4451 214.306 238.393 60.4631 256.4 253.685 9.59101 70.7153 175.832 103.35 123.325 266.589 221.155 232.662 117.005 -10.0814 -7.95683 -22.1397 288.249 176.76 95.4414 279.5 225.185 116.309 -60.7974 152.106 18.4872 206.166 -69.3139 8.07962 -58.4056 -22.3572 220.414 230.221 218.197 270.729 234.578 127.89 68.2592 188.993 279.968 -64.6699 261.26 280.466 -27.4354 3.45025 -76.0362 
123.036 223.228 -4.17993 174.523 261.411 140.639 234.087 173.656 184.864 -73.4478 12.6594 268.845 5.36739 171.979 -93.6404 -71.5952 74.2796 -80.0501 153.331 -5.58893 152.315 -14.0998 77.0733 116.882 284.663 12.3723 265.153 -28.3308 289.14 18.2362 252.408 199.39 233.356 234.273 296.143 130.059 152.176 185.711 171.229 38.4867 162.569 -44.045 22.8337 -44.4437 91.4871 -0.191446 -29.8346 143.878 -30.4528 117.019 193.471 177.688 193.731 259.823 298.923 217.514 -64.0561 53.2679 102.954 166.532 260.834 
123.137 -25.2633 86.4712 294.5 295.815 201.139 57.9533 239.719 232.537 -66.0234 -8.4299 295.771 -7.52925 124.738 72.1819 49.4701 -68.6981 123.039 172.138 89.5551 177.996 125.565 93.4109 -92.2266 92.7393 80.4383 202.661 243.27 -70.1833 -38.1314 237.656 293.01 278.27 136.553 -13.0668 99.4533 15.5824 296.895 -32.5775 284.452 159.295 4.99083 -60.197 122.41 3.84804 259.617 -71.5771 218.077 -75.473 199.258 259.132 86.0236 104.872 51.0197 -56.3991 -38.9274 208.282 227.729 247.087 74.6807 173.76 
2.5424 3.62603 -59.3071 184.759 57.2525 -98.098 293.335 102.365 -12.8287 -51.914 190.036 106.63 136.062 42.1171 188.262 -93.8034 19.2595 109.888 260.915 2.25471 190.427 -87.4732 255.98 271.682 -80.2773 194.627 40.4281 299.143 78.5914 112.713 -69.122 -73.6195 -91.1032 70.4909 120.289 -56.4345 -61.4451 6.39925 259.871 121.655 285.917 96.8759 243.708 135.005 -69.8028 -90.9214 171.996 40.2801 185.422 -40.0047 -99.7656 145.182 67.7941 155.198 23.0784 -45.667 -47.6237 284.45 -6.51548 -58.8092 113.626 
85.6285 296.694 183.528 193.705 -13.4195 -45.2179 -74.0926 248.137 -14.1246 -77.3597 257.093 10.9995 -8.90512 299.542 151.531 16.7053 223.648 246.96 -18.4561 68.3191 76.4495 -24.521 295.678 -32.563 -61.45 190.531 194.922 84.9364 5.19428 190.008 71.1699 172.366 56.8274 260.351 230.437 252.515 -17.7247 -76.5608 185.441 -29.4609 194.63 45.5926 2.45328 298.566 295.941 -93.819 230.951 -31.6582 281.346 165.346 -87.4146 -24.5272 22.2546 257.762 162.097 -18.3047 -66.2059 138.591 162.534 -87.1222 -52.1282 
273.317 129.611 164.275 126.155 231.183 271.902 133.764 124.915 218.971 100.742 204.983 18.5233 23.2586 216.509 159.566 274.01 -29.6489 88.2678 -14.2966 236.02 63.9516 138.782 190.115 169.831 198.139 180.323 203.63 78.3581 84.0487 -75.5729 49.4903 86.3352 134.21 157.647 282.301 265.159 182.787 -69.508 100.106 64.9346 27.5182 40.8116 -4.55135 161.367 147.181 57.0074 153.429 100.934 79.1506 221.592 99.588 188.989 64.4092 299.431 -57.722 197.93 60.1335 -84.1668 295.421 -74.7774 92.4861 
28.2635 105.247 158.613 104.581 -48.7957 43.857 37.3903 48.798 120.772 124.794 139.703 93.8707 77.5033 68.7379 139.961 59.3811 109.098 290.06 96.9273 199.021 145.276 283.284 46.3475 -78.9073 82.2431 -58.1984 236.443 294.603 172.289 101.139 -42.084 14.2421 -52.9032 255.589 148.03 52.0958 205.793 112.3 200.444 -49.958 -97.4309 -17.4236 293.955 193.648 263.819 69.2518 240.064 -68.3122 259.856 235.155 194.296 -62.0072 -92.4557 174.49 279.037 55.9943 12.8426 125.155 193.997 252.668 190.445 
-2.12778 285.249 163.694 129.796 -17.5917 149.958 223.424 53.9413 111.558 177.966 -61.9535 -88.0271 -68.8778 249.373 191.379 87.5112 87.1802 -18.5084 192.812 -35.3386 69.9269 223.695 251.269 -66.0183 47.3075 -37.5509 275.308 272.638 171.106 152.257 -95.8384 36.3524 -56.3112 267.273 179.702 -2.52576 266.64 289.782 233.421 12.945 240.697 279.271 24.9676 51.4073 -5.85173 51.0748 173.36 236.939 43.9556 150.217 240.027 261.475 275.479 89.2092 -2.88715 278.538 113.932 258.746 38.3053 69.3064 239.077 
255.849 58.8392 261.788 73.396 9.53775 129.87 284.719 -35.5948 21.2267 -92.6945 -98.0047 115.192 109.079 127.548 168.831 165.904 -36.0678 -8.7746 247.335 19.2597 12.5567 251.213 181.669 178.372 -29.962 255.496 207.657 278.095 152.885 -15.31 94.5346 105.028 283.987 -22.5984 30.6613 -98.762 27.2162 127.413 97.338 -14.8551 280.277 253.894 153.695 -60.1472 158.95 222.224 296.054 29.5261 117.775 -32.6881 252.865 -85.4736 276.358 111.629 128.71 51.6643 120.295 -42.7816 22.0363 -13.83 259.873 
135.874 82.6251 163.856 -90.6133 -71.2876 202.219 217.344 -96.8041 242.687 224.745 258.74 -69.5708 92.7403 71.6827 -31.4037 203.295 216.472 -80.3645 1.19798 143.952 92.1366 -73.1952 146.978 270.887 -53.878 91.5744 172.129 20.3151 259.689 256.54 178.66 -32.5958 -19.1287 271.255 122.611 265.458 140.004 -17.4826 28.2518 229.919 21.8538 94.9452 -56.4559 -16.7932 57.0025 36.3696 289.064 1.99063 76.6797 -53.3048 249.556 156.775 159.416 -29.7909 -69.9206 -4.93389 183.19 130.281 58.014 37.3211 87.8512 
76.9526 166.401 259.383 151.691 -80.3167 -72.5765 212.164 30.2525 -66.6932 221.988 -22.4736 -16.397 194.667 148.588 182.04 132.62 214.923 55.1266 281.397 137.713 265.296 78.363 59.0506 111.857 -83.2533 91.7528 36.8942 -15.8037 186.235 199.326 175.306 254.711 26.4118 215.989 250.905 74.7273 235.106 297.284 195.612 163.309 16.5864 190.505 51.3168 108.499 -25.1671 79.2214 -91.0499 163.398 -43.5814 69.5357 226.918 136.451 -7.69154 -55.5931 166.773 278.201 203.395 100.672 58.3524 -82.0556 -51.7331 
-11.7866 16.7562 95.9458 267.92 68.0502 0.860148 -37.1308 229.329 -50.3886 -37.535 -15.9682 176.317 -7.23888 182.24 283.069 69.1573 -72.7794 30.5762 223.25 111.802 156.855 162.841 11.0011 59.3369 -39.6181 276.398 0.599503 -59.776 8.79243 -32.3253 39.3058 270.93 184.481 276.731 -50.4564 -57.7846 271.038 57.3558 -13.9741 204.575 -1.54846 -51.7373 285.725 69.4893 204.865 -49.2808 -83.5643 32.4567 77.0026 212.34 106.093 143.078 67.6496 -22.2734 108.357 132.587 -50.4799 -97.0484 -72.3487 172.228 -26.4498 
48.3353 203.664 266.879 203.369 88.9427 161.136 42.527 37.6509 183.196 190.434 30.9748 -1.38913 81.53 146.94 232.749 220.816 -19.6202 137.716 -90.0027 -0.408293 -38.3963 151.549 199.565 42.9638 -5.4352 86.6602 43.9027 181.162 217.107 111.672 -30.8927 214.655 56.9874 -97.3801 30.2642 -31.0192 15.115 284.796 -24.9121 282.573 296.398 202.783 -9.9227 -30.3242 -39.0111 297.643 -77.1318 -65.7412 -88.9938 -3.86258 50.7609 158.821 16.3264 283.681 42.2306 -28.2452 74.2063 259.312 20.109 77.4925 136.508 
-96.4667 -4.64044 95.5354 57.9547 199.367 61.6685 183.925 198.376 232.971 161.81 236.211 194.212 11.7705 -39.3023 155.252 100.337 -6.23126 273.508 250.293 178.439 -83.127 -40.115 54.5941 74.4459 75.4992 -95.4662 288.429 -43.7009 250.099 82.8252 -52.3405 86.7026 244.198 128.645 -84.7231 58.5457 154.003 -90.9317 238.95 89.6266 127.841 213.748 26.2537 298.775 -7.37709 -80.9752 34.9875 139.26 188.373 -44.2677 257.744 95.4103 150.921 291.879 -62.0581 -31.935 215.86 148.114 -85.0676 -18.6634 -37.9797 
211.7 226.1 123.532 299.609 -10.3215 126.579 287.08 -70.1492 227.457 -64.2763 204.549 258.987 222.536 154.153 195.008 99.1127 -61.8075 37.7301 176.985 -59.3532 157.251 61.2353 -59.6283 164.75 176.579 248.775 92.2835 -40.1372 83.8234 42.2824 98.0444 190.119 195.08 108.261 195.66 44.9629 112.414 45.6226 -26.7525 78.8109 269.623 13.5155 -65.3541 69.3007 152.638 41.6859 287.884 132.821 242.282 -99.7373 119.431 -30.9363 199.781 291.897 -56.3504 200.654 144.917 138.25 -99.9107 91.3973 144.991 
255.026 20.8856 1.20425 -76.7806 291.273 281.089 247.519 95.8019 118.751 -99.0572 143.259 145.904 118.591 -1.71352 83.3387 25.2401 -78.7792 8.26518 84.9042 42.2027 -14.9189 262.272 92.2835 -93.1346 -19.1885 203.561 108.746 58.3027 189.288 193.818 231.797 133.269 190.835 -6.35616 65.3392 128.665 244.705 -86.4224 84.0265 220.644 38.6797 147.295 68.9813 63.545 21.092 -96.2554 67.2825 224.713 56.8863 276.722 236.865 112.507 122.648 61.5692 254.789 -30.0232 209.922 108.903 244.702 -90.3528 -17.819 
286.495 193.912 271.399 128.055 -65.8499 110.605 -9.67006 200.366 10.5037 73.9612 291.041 187.58 144.826 100.198 103.276 14.0605 177.242 -95.5609 267.745 252.627 152.247 157.971 -66.4181 144.116 18.0352 65.744 -95.4185 168.209 4.91096 108.623 48.4535 -10.1979 191.347 18.5967 -51.0393 232.873 294.708 186.59 25.2685 294.232 204.204 25.1127 204.236 -59.4601 217.607 57.8157 227.157 128.903 115.639 167.643 12.2787 6.46999 79.8247 -24.1142 43.9782 43.686 205.032 27.3958 -50.8 9.37146 146.751 
248.648 69.8752 -46.7676 185.046 49.1382 4.88862 -74.1904 173.483 113.597 24.152 -48.4575 195.589 233.933 255.465 -35.9952 260.479 99.5109 34.0951 40.307 56.896 1.79171 87.9273 136.931 203.419 -1.39019 295.09 170.755 103.152 155.739 147.57 99.4982 -3.98931 -56.1287 -36.622 130.704 265.914 21.6541 39.3732 107.479 124.902 -39.341 -28.1868 108.46 -53.9582 283.793 246.231 292.985 179.509 21.3472 135.133 -13.0485 37.1739 67.3356 34.2039 214.592 204.181 3.32009 89.7969 44.7516 263.331 69.637 
