15
156.979 152.353 22.637 -49.2361 16.5267 252.524 226.77 71.4142 200.309 297.544 111.323 27.0298 171.317 124.356 275.663 -18.9119 
152.264 119.326 7.67528 -82.8375 -20.0075 43.5045 9.5368 124.167 -56.3532 155.528 -17.4901 287.907 195.231 24.4129 -82.9224 -96.9429 
-81.0902 208.698 101.091 42.4001 130.696 232.657 270.213 -37.971 18.0739 -51.1086 -79.1776 263.591 -48.0533 -12.1765 206.254 83.448 
201.824 175.75 59.6483 82.393 276.547 290.538 -8.86098 -72.4997 92.936 -79.4664 -85.9306 -74.8902 270.298 153.511 185.568 35.8973 
134.968 207.478 -55.3627 197.821 204.193 -82.7701 58.7564 269.505 269.627 104.236 200.257 72.8547 264.453 72.5544 60.3521 -58.7696 
154.151 61.4522 77.57 164.506 278.561 136.756 63.0093 -5.07728 135.829 273.171 -35.9071 -90.3357 -94.7422 95.8806 -81.9022 141.361 
-13.7091 155.272 266.696 228.851 291.871 111.239 247.803 149.365 136.412 -98.9888 231.717 -22.0139 -6.02711 -55.7227 51.5488 45.341 
169.217 78.8425 75.1324 94.0961 -99.6899 -97.3183 175.217 -41.1451 101.737 195.153 180.454 107.153 223.299 252.195 -87.9756 24.571 
272.905 128.207 46.8711 134.16 100.465 255.423 44.473 249.55 -51.7368 226.795 243.412 201.642 266.282 126.948 47.9073 228.437 
-23.3337 154.218 218.236 -58.7893 232.386 68.5508 212.984 25.8042 161.899 169.851 12.6586 -82.8032 149.458 -47.8669 -32.4945 106.752 
-72.9867 154.058 -70.1172 284.477 249.216 121.928 269.634 -77.1715 216.907 119.855 282.411 106.525 137.869 -99.1868 259.567 95.2217 
208.937 1.2416 44.4567 61.5441 83.3777 36.436 221.005 77.3363 -19.5501 230.862 -49.8386 28.318 285.827 266.814 186.868 79.1829 
68.3612 -38.3434 -7.57918 -31.2832 -88.4749 101.167 233.244 54.6448 90.5986 -16.0278 153.741 -42.571 151.24 -15.9616 -65.7514 257.38 
-35.058 -44.55 194.995 122.431 -12.3067 159.265 -70.5607 212.714 -28.2313 298.802 -56.126 113.91 143.522 -64.466 -89.2047 -60.3951 
12.0409 -54.377 -88.2777 199.398 295.788 285.301 -0.765596 50.2042 288.646 226.788 -96.6164 45.2681 -91.944 31.7277 246.375 -33.7922 
